Matrix A before QR-decomposition
0.680375	-0.211234	0.566198	
0.596880	0.823295	-0.604897	
-0.329554	0.536459	-0.444451	
0.107940	-0.045206	0.257742	
-0.270431	0.026802	0.904459	
Matrix A after QR-decomposition
0.676140	-0.319827	0.318913	
0.593165	0.734089	0.038719	
-0.327503	0.591667	0.037196	
0.107268	-0.062504	0.204170	
-0.268748	0.069621	0.923973	
Matrix R after QR-decomposition
1.006264	0.157781	-0.045839	
0.000000	0.994027	-0.841241	
0.000000	0.000000	1.028935	
Q^T*Q
1.000000	-0.000000	0.000000	
-0.000000	1.000000	0.000000	
0.000000	0.000000	1.000000	
Checking that Q*R = A again:
0.680375	-0.211234	0.566198	
0.596880	0.823295	-0.604897	
-0.329554	0.536459	-0.444451	
0.107940	-0.045206	0.257742	
-0.270431	0.026802	0.904459	

Printing vector x = 
2.543228       3.511977       2.752705       -1.751596       -0.996147       

Checking that Q*R*x. It should be equal to b.
0.832390       -0.514226       -0.782382       -0.407937       0.542715       
vector b is:
0.832390       -0.514226       -0.782382       -0.407937       0.542715       

Checking that the matrices, BA = B*A = A*B = AB = I
A*B =
1.000000	-0.000000	0.000000	-0.000000	-0.000000	
-0.000000	1.000000	-0.000000	0.000000	-0.000000	
0.000000	0.000000	1.000000	-0.000000	-0.000000	
-0.000000	0.000000	-0.000000	1.000000	-0.000000	
-0.000000	-0.000000	-0.000000	-0.000000	1.000000	
B*A = 
1.000000	-0.000000	0.000000	-0.000000	0.000000	
-0.000000	1.000000	0.000000	0.000000	-0.000000	
0.000000	0.000000	1.000000	-0.000000	0.000000	
0.000000	-0.000000	-0.000000	1.000000	-0.000000	
-0.000000	-0.000000	-0.000000	0.000000	1.000000	
