x = 1, cos(x) = 0.540302
x = 2, cos(x) = -0.416147
x = 3, cos(x) = -0.989992
x = 4, cos(x) = -0.653644
